[
    {
        "coords": [
            [
                113.309908,
                23.037293
            ],
            [
                113.308875,
                23.038885
            ],
            [
                113.306912,
                23.04004
            ],
            [
                113.302627,
                23.043195
            ],
            [
                113.306387,
                23.048774
            ],
            [
                113.307703,
                23.049427
            ],
            [
                113.308826,
                23.052353
            ],
            [
                113.31281,
                23.050541
            ],
            [
                113.312477,
                23.048134
            ],
            [
                113.307088,
                23.070737
            ],
            [
                113.290024,
                23.105544
            ],
            [
                113.292185,
                23.120128
            ],
            [
                113.288713,
                23.121391
            ],
            [
                113.289234,
                23.123609
            ],
            [
                113.28463,
                23.125412
            ],
            [
                113.282478,
                23.129072
            ],
            [
                113.279757,
                23.129014
            ],
            [
                113.277798,
                23.130788
            ],
            [
                113.282613,
                23.132931
            ],
            [
                113.292212,
                23.142768
            ]
        ],
        "lineStyle": {
            "normal": {
                "color": "rgba(90,74,216,1)"
            }
        }
    },
    {
        "coords": [
            [
                113.273688,
                22.992754
            ],
            [
                113.315809,
                22.99989
            ],
            [
                113.315477,
                23.015263
            ],
            [
                113.316896,
                23.016914
            ],
            [
                113.320278,
                23.021009
            ],
            [
                113.318131,
                23.029569
            ],
            [
                113.317453,
                23.033369
            ],
            [
                113.316281,
                23.044631
            ],
            [
                113.312881,
                23.046892
            ],
            [
                113.315576,
                23.072238
            ],
            [
                113.319393,
                23.078896
            ],
            [
                113.322017,
                23.087116
            ],
            [
                113.322547,
                23.089834
            ],
            [
                113.322223,
                23.097322
            ],
            [
                113.322147,
                23.105712
            ],
            [
                113.321873,
                23.123386
            ],
            [
                113.321864,
                23.126934
            ],
            [
                113.310806,
                23.140767
            ],
            [
                113.304338,
                23.140821
            ],
            [
                113.291348,
                23.143442
            ],
            [
                113.271649,
                23.151376
            ],
            [
                113.261984,
                23.153903
            ]
        ],
        "lineStyle": {
            "normal": {
                "color": "rgba(90,177,238,1)"
            }
        }
    },
    {
        "coords": [
            [
                113.249616,
                23.1414
            ],
            [
                113.254148,
                23.139884
            ],
            [
                113.253844,
                23.133617
            ],
            [
                113.253747,
                23.130027
            ],
            [
                113.253474,
                23.126358
            ],
            [
                113.255253,
                23.117214
            ],
            [
                113.258818,
                23.106616
            ],
            [
                113.260306,
                23.103436
            ],
            [
                113.263019,
                23.099821
            ],
            [
                113.264639,
                23.097711
            ],
            [
                113.268808,
                23.092391
            ],
            [
                113.271615,
                23.088543
            ],
            [
                113.274953,
                23.084334
            ],
            [
                113.277962,
                23.081849
            ],
            [
                113.280735,
                23.079627
            ],
            [
                113.287724,
                23.076215
            ],
            [
                113.290086,
                23.075188
            ],
            [
                113.295587,
                23.072818
            ],
            [
                113.297126,
                23.072166
            ],
            [
                113.302288,
                23.071226
            ],
            [
                113.305971,
                23.070765
            ],
            [
                113.310883,
                23.047273
            ],
            [
                113.316293,
                23.044433
            ],
            [
                113.317384,
                23.033982
            ],
            [
                113.317945,
                23.029654
            ],
            [
                113.319675,
                23.025048
            ],
            [
                113.319898,
                23.020712
            ],
            [
                113.31658,
                23.016811
            ],
            [
                113.314108,
                23.013926
            ],
            [
                113.312711,
                23.007369
            ],
            [
                113.315626,
                23.000084
            ],
            [
                113.318964,
                22.991389
            ],
            [
                113.320617,
                22.98839
            ],
            [
                113.32218,
                22.982626
            ],
            [
                113.318938,
                22.981827
            ],
            [
                113.315996,
                22.975792
            ],
            [
                113.316858,
                22.973704
            ],
            [
                113.330877,
                22.975717
            ],
            [
                113.338336,
                22.976841
            ]
        ],
        "lineStyle": {
            "normal": {
                "color": "rgba(90,52,49,1)"
            }
        }
    },
    {
        "coords": [
            [
                113.214068,
                23.118844
            ],
            [
                113.221779,
                23.115561
            ],
            [
                113.223953,
                23.113069
            ],
            [
                113.227448,
                23.111216
            ],
            [
                113.234356,
                23.108012
            ],
            [
                113.239853,
                23.105498
            ],
            [
                113.243851,
                23.10367
            ],
            [
                113.248729,
                23.099133
            ],
            [
                113.250929,
                23.095019
            ],
            [
                113.253279,
                23.090415
            ],
            [
                113.258017,
                23.076725
            ],
            [
                113.260124,
                23.07178
            ],
            [
                113.261655,
                23.06816
            ],
            [
                113.27345,
                22.992445
            ]
        ],
        "lineStyle": {
            "normal": {
                "color": "rgba(90,106,162,1)"
            }
        }
    },
    {
        "coords": [
            [
                113.392475,
                23.031244
            ],
            [
                113.393925,
                23.02465
            ],
            [
                113.391212,
                23.025047
            ],
            [
                113.39463,
                23.016368
            ],
            [
                113.397447,
                23.015291
            ],
            [
                113.397563,
                23.013865
            ],
            [
                113.394159,
                23.01347
            ],
            [
                113.390849,
                23.016568
            ],
            [
                113.384834,
                23.016024
            ],
            [
                113.379485,
                23.019125
            ],
            [
                113.377037,
                23.021637
            ],
            [
                113.371706,
                23.021781
            ],
            [
                113.367066,
                23.021166
            ],
            [
                113.363212,
                23.019316
            ],
            [
                113.362125,
                23.01885
            ],
            [
                113.357499,
                23.018056
            ],
            [
                113.35559,
                23.017736
            ],
            [
                113.349172,
                23.017817
            ],
            [
                113.346234,
                23.017819
            ],
            [
                113.343647,
                23.020232
            ],
            [
                113.337337,
                23.030219
            ],
            [
                113.336856,
                23.031373
            ],
            [
                113.334826,
                23.041022
            ],
            [
                113.338796,
                23.088495
            ],
            [
                113.33907,
                23.092805
            ],
            [
                113.339573,
                23.094986
            ],
            [
                113.340058,
                23.129365
            ],
            [
                113.340624,
                23.136664
            ],
            [
                113.339897,
                23.144343
            ],
            [
                113.338886,
                23.151051
            ],
            [
                113.337368,
                23.148988
            ],
            [
                113.332252,
                23.149556
            ],
            [
                113.330712,
                23.153606
            ]
        ],
        "lineStyle": {
            "normal": {
                "color": "rgba(90,128,110,1)"
            }
        }
    },
    {
        "coords": [
            [
                113.337715,
                23.137556
            ],
            [
                113.340369,
                23.136517
            ],
            [
                113.339456,
                23.096575
            ],
            [
                113.338743,
                23.091828
            ],
            [
                113.338604,
                23.088026
            ],
            [
                113.324631,
                23.041791
            ],
            [
                113.316429,
                23.044542
            ],
            [
                113.312796,
                23.046946
            ],
            [
                113.312926,
                23.050558
            ],
            [
                113.309503,
                23.052557
            ],
            [
                113.307675,
                23.049606
            ],
            [
                113.306189,
                23.049003
            ],
            [
                113.301715,
                23.042718
            ],
            [
                113.300543,
                23.040727
            ],
            [
                113.297852,
                23.036915
            ],
            [
                113.287297,
                23.041529
            ],
            [
                113.28361,
                23.041517
            ],
            [
                113.27857,
                23.040594
            ],
            [
                113.274694,
                23.038702
            ],
            [
                113.262688,
                23.042922
            ],
            [
                113.263331,
                23.048737
            ],
            [
                113.265347,
                23.05055
            ]
        ],
        "lineStyle": {
            "normal": {
                "color": "rgba(90,167,53,1)"
            }
        }
    },
    {
        "coords": [
            [
                113.372762,
                22.951132
            ],
            [
                113.369802,
                22.954294
            ],
            [
                113.356813,
                22.942866
            ],
            [
                113.353476,
                22.925642
            ],
            [
                113.344349,
                22.906256
            ],
            [
                113.310141,
                22.905832
            ],
            [
                113.304127,
                22.896668
            ],
            [
                113.290927,
                22.88832
            ],
            [
                113.282761,
                22.884416
            ],
            [
                113.250615,
                22.872475
            ],
            [
                113.226842,
                22.878132
            ],
            [
                113.219183,
                22.88765
            ],
            [
                113.219381,
                22.910817
            ],
            [
                113.194871,
                22.911928
            ],
            [
                113.104097,
                22.965845
            ],
            [
                113.098025,
                22.96243
            ]
        ],
        "lineStyle": {
            "normal": {
                "color": "rgba(90,6,191,1)"
            }
        }
    },
    {
        "coords": [
            [
                113.393684,
                23.140221
            ],
            [
                113.394096,
                23.13794
            ],
            [
                113.392822,
                23.13772
            ],
            [
                113.386821,
                23.138763
            ],
            [
                113.384643,
                23.140487
            ],
            [
                113.383012,
                23.13856
            ],
            [
                113.380775,
                23.122379
            ],
            [
                113.375929,
                23.104504
            ],
            [
                113.37385,
                23.104545
            ],
            [
                113.367817,
                23.104621
            ],
            [
                113.351042,
                23.104442
            ],
            [
                113.347161,
                23.104422
            ],
            [
                113.339453,
                23.100569
            ],
            [
                113.339301,
                23.097286
            ],
            [
                113.338726,
                23.09183
            ],
            [
                113.3386,
                23.087971
            ],
            [
                113.323643,
                23.041735
            ],
            [
                113.334601,
                23.040924
            ],
            [
                113.333156,
                23.032186
            ],
            [
                113.32411,
                23.03266
            ],
            [
                113.320068,
                23.032003
            ],
            [
                113.317951,
                23.029629
            ],
            [
                113.319659,
                23.025035
            ],
            [
                113.319911,
                23.02069
            ],
            [
                113.317948,
                23.017136
            ]
        ],
        "lineStyle": {
            "normal": {
                "color": "rgba(90,225,251,1)"
            }
        }
    },
    {
        "coords": [
            [
                113.305241,
                23.06986
            ],
            [
                113.310829,
                23.047302
            ],
            [
                113.31669,
                23.044168
            ],
            [
                113.317391,
                23.0339
            ],
            [
                113.31793,
                23.029643
            ],
            [
                113.319687,
                23.025061
            ],
            [
                113.319902,
                23.0207
            ],
            [
                113.316533,
                23.016758
            ],
            [
                113.314104,
                23.013902
            ],
            [
                113.312693,
                23.007357
            ],
            [
                113.315631,
                23.000005
            ],
            [
                113.318958,
                22.991377
            ],
            [
                113.320616,
                22.988399
            ],
            [
                113.325054,
                22.984094
            ],
            [
                113.336656,
                22.979561
            ],
            [
                113.344808,
                22.976521
            ],
            [
                113.349241,
                22.974895
            ],
            [
                113.353032,
                22.972674
            ],
            [
                113.35472,
                22.970777
            ],
            [
                113.360196,
                22.966177
            ],
            [
                113.364723,
                22.959276
            ],
            [
                113.367113,
                22.956493
            ],
            [
                113.369879,
                22.953968
            ],
            [
                113.371851,
                22.950324
            ],
            [
                113.375956,
                22.946127
            ],
            [
                113.378566,
                22.944771
            ],
            [
                113.380789,
                22.945628
            ],
            [
                113.383331,
                22.943298
            ],
            [
                113.386318,
                22.941863
            ],
            [
                113.389516,
                22.941589
            ],
            [
                113.398935,
                22.941801
            ],
            [
                113.403022,
                22.942075
            ],
            [
                113.407563,
                22.942358
            ],
            [
                113.412903,
                22.942658
            ],
            [
                113.417822,
                22.944059
            ]
        ],
        "lineStyle": {
            "normal": {
                "color": "rgba(90,213,172,1)"
            }
        }
    },
    {
        "coords": [
            [
                113.347893,
                23.175754
            ],
            [
                113.344336,
                23.173889
            ],
            [
                113.3371,
                23.167805
            ],
            [
                113.334486,
                23.165903
            ],
            [
                113.322008,
                23.158132
            ],
            [
                113.320216,
                23.155569
            ],
            [
                113.320903,
                23.150141
            ],
            [
                113.321483,
                23.144243
            ],
            [
                113.321541,
                23.127032
            ],
            [
                113.321523,
                23.122163
            ],
            [
                113.322197,
                23.107414
            ],
            [
                113.32204,
                23.097387
            ],
            [
                113.322408,
                23.090265
            ],
            [
                113.321555,
                23.086192
            ],
            [
                113.319408,
                23.079402
            ],
            [
                113.315994,
                23.073105
            ],
            [
                113.310851,
                23.047286
            ],
            [
                113.316785,
                23.044093
            ],
            [
                113.319843,
                23.040393
            ],
            [
                113.323675,
                23.041753
            ],
            [
                113.334598,
                23.040925
            ],
            [
                113.336691,
                23.031235
            ],
            [
                113.343428,
                23.019565
            ],
            [
                113.345548,
                23.016143
            ],
            [
                113.349487,
                23.01006
            ],
            [
                113.354783,
                23.003361
            ],
            [
                113.358556,
                22.995069
            ],
            [
                113.363101,
                22.988041
            ],
            [
                113.367242,
                22.984889
            ],
            [
                113.373813,
                22.977977
            ],
            [
                113.376486,
                22.973834
            ],
            [
                113.377004,
                22.969835
            ],
            [
                113.376951,
                22.96432
            ],
            [
                113.375228,
                22.955233
            ],
            [
                113.37345,
                22.952151
            ],
            [
                113.375969,
                22.946127
            ],
            [
                113.378377,
                22.944704
            ],
            [
                113.380784,
                22.945615
            ],
            [
                113.385307,
                22.946676
            ],
            [
                113.390437,
                22.945832
            ],
            [
                113.393991,
                22.944919
            ],
            [
                113.398714,
                22.944118
            ],
            [
                113.403817,
                22.945669
            ],
            [
                113.406242,
                22.947591
            ],
            [
                113.408515,
                22.948918
            ],
            [
                113.412054,
                22.95025
            ],
            [
                113.415531,
                22.950745
            ],
            [
                113.417841,
                22.944037
            ]
        ],
        "lineStyle": {
            "normal": {
                "color": "rgba(90,170,32,1)"
            }
        }
    },
    {
        "coords": [
            [
                113.274425,
                22.992528
            ],
            [
                113.229559,
                22.998109
            ],
            [
                113.243963,
                22.971039
            ],
            [
                113.248549,
                22.957471
            ],
            [
                113.217984,
                22.92994
            ],
            [
                113.212015,
                22.910908
            ],
            [
                113.171879,
                22.864312
            ],
            [
                113.140981,
                22.85224
            ],
            [
                113.153365,
                22.815689
            ],
            [
                113.162649,
                22.792264
            ],
            [
                113.125607,
                22.790365
            ],
            [
                113.132488,
                22.736098
            ],
            [
                113.157353,
                22.720452
            ]
        ],
        "lineStyle": {
            "normal": {
                "color": "rgba(90,156,221,1)"
            }
        }
    },
    {
        "coords": [
            [
                113.338035,
                22.999269
            ],
            [
                113.327574,
                22.994624
            ],
            [
                113.328809,
                22.986187
            ],
            [
                113.336714,
                22.979545
            ],
            [
                113.336759,
                22.976238
            ]
        ],
        "lineStyle": {
            "normal": {
                "color": "rgba(90,33,18,1)"
            }
        }
    },
    {
        "coords": [
            [
                113.330707,
                23.153316
            ],
            [
                113.330386,
                23.149784
            ],
            [
                113.337352,
                23.147109
            ],
            [
                113.339846,
                23.144194
            ],
            [
                113.340304,
                23.135591
            ],
            [
                113.347077,
                23.131915
            ],
            [
                113.354515,
                23.131374
            ],
            [
                113.341301,
                23.040378
            ],
            [
                113.337596,
                23.040748
            ],
            [
                113.336832,
                23.030833
            ],
            [
                113.343402,
                23.019602
            ],
            [
                113.34552,
                23.016165
            ],
            [
                113.349489,
                23.010048
            ],
            [
                113.357417,
                22.997707
            ],
            [
                113.358634,
                22.994917
            ],
            [
                113.363211,
                22.987959
            ],
            [
                113.367259,
                22.984878
            ],
            [
                113.373878,
                22.977903
            ],
            [
                113.376484,
                22.973828
            ],
            [
                113.377014,
                22.969826
            ],
            [
                113.376978,
                22.96429
            ],
            [
                113.375221,
                22.955209
            ],
            [
                113.372774,
                22.953304
            ],
            [
                113.371467,
                22.951583
            ]
        ],
        "lineStyle": {
            "normal": {
                "color": "rgba(90,131,27,1)"
            }
        }
    },
    {
        "coords": [
            [
                113.400525,
                23.039138
            ],
            [
                113.406787,
                23.040483
            ],
            [
                113.406585,
                23.046182
            ],
            [
                113.401723,
                23.047349
            ],
            [
                113.393536,
                23.047028
            ],
            [
                113.389008,
                23.045083
            ],
            [
                113.383834,
                23.04549
            ],
            [
                113.378512,
                23.046733
            ],
            [
                113.379666,
                23.05015
            ],
            [
                113.383283,
                23.053935
            ],
            [
                113.383409,
                23.058287
            ],
            [
                113.366893,
                23.061932
            ],
            [
                113.362203,
                23.062158
            ],
            [
                113.341295,
                23.040402
            ],
            [
                113.337589,
                23.040755
            ],
            [
                113.336732,
                23.031156
            ],
            [
                113.343388,
                23.019624
            ],
            [
                113.345521,
                23.016172
            ],
            [
                113.349498,
                23.010054
            ],
            [
                113.354769,
                23.003378
            ],
            [
                113.358618,
                22.994937
            ],
            [
                113.363196,
                22.987975
            ],
            [
                113.367265,
                22.984872
            ],
            [
                113.373867,
                22.977902
            ],
            [
                113.376482,
                22.97383
            ],
            [
                113.377007,
                22.969817
            ],
            [
                113.376962,
                22.96431
            ],
            [
                113.375203,
                22.955198
            ],
            [
                113.373384,
                22.951966
            ],
            [
                113.376106,
                22.946121
            ],
            [
                113.378567,
                22.944778
            ],
            [
                113.38079,
                22.945626
            ],
            [
                113.385286,
                22.946666
            ],
            [
                113.390468,
                22.945828
            ],
            [
                113.393985,
                22.944933
            ],
            [
                113.398842,
                22.944108
            ],
            [
                113.403998,
                22.945797
            ],
            [
                113.406262,
                22.947619
            ],
            [
                113.40844,
                22.9489
            ],
            [
                113.41202,
                22.950236
            ],
            [
                113.415526,
                22.950741
            ],
            [
                113.417835,
                22.944047
            ]
        ],
        "lineStyle": {
            "normal": {
                "color": "rgba(90,76,4,1)"
            }
        }
    },
    {
        "coords": [
            [
                113.304694,
                23.069857
            ],
            [
                113.317746,
                23.069308
            ],
            [
                113.323212,
                23.068656
            ],
            [
                113.327089,
                23.067392
            ],
            [
                113.334607,
                23.040914
            ],
            [
                113.336754,
                23.031112
            ],
            [
                113.343433,
                23.019566
            ],
            [
                113.345522,
                23.016144
            ],
            [
                113.349483,
                23.010045
            ],
            [
                113.35477,
                23.00335
            ],
            [
                113.358565,
                22.99505
            ],
            [
                113.363133,
                22.988009
            ],
            [
                113.367234,
                22.98489
            ],
            [
                113.375786,
                22.984562
            ]
        ],
        "lineStyle": {
            "normal": {
                "color": "rgba(90,197,234,1)"
            }
        }
    },
    {
        "coords": [
            [
                113.393917,
                23.024683
            ],
            [
                113.391236,
                23.031152
            ],
            [
                113.39123,
                23.025031
            ],
            [
                113.392386,
                23.016746
            ],
            [
                113.392211,
                23.014122
            ],
            [
                113.394082,
                23.013386
            ],
            [
                113.396877,
                23.013619
            ],
            [
                113.399683,
                23.010833
            ],
            [
                113.394463,
                23.010043
            ],
            [
                113.386488,
                23.006517
            ],
            [
                113.37976,
                23.003257
            ],
            [
                113.371328,
                23.000312
            ],
            [
                113.367382,
                22.998899
            ],
            [
                113.363741,
                22.998175
            ],
            [
                113.360247,
                22.997239
            ],
            [
                113.355713,
                23.002754
            ],
            [
                113.349849,
                23.00788
            ],
            [
                113.345108,
                23.005153
            ],
            [
                113.337944,
                22.999744
            ]
        ],
        "lineStyle": {
            "normal": {
                "color": "rgba(90,211,245,1)"
            }
        }
    },
    {
        "coords": [
            [
                113.334799,
                22.924478
            ],
            [
                113.337516,
                22.92568
            ],
            [
                113.340952,
                22.927012
            ],
            [
                113.349234,
                22.930082
            ],
            [
                113.351,
                22.92997
            ],
            [
                113.355882,
                22.9291
            ],
            [
                113.359807,
                22.929034
            ],
            [
                113.362579,
                22.930049
            ],
            [
                113.361285,
                22.938453
            ],
            [
                113.360611,
                22.942455
            ],
            [
                113.361492,
                22.946357
            ],
            [
                113.366271,
                22.946157
            ],
            [
                113.369612,
                22.946028
            ],
            [
                113.372779,
                22.948208
            ],
            [
                113.371921,
                22.950459
            ],
            [
                113.369797,
                22.954273
            ],
            [
                113.368612,
                22.957862
            ],
            [
                113.366433,
                22.961718
            ],
            [
                113.361946,
                22.96376
            ],
            [
                113.360307,
                22.966351
            ],
            [
                113.353534,
                22.972436
            ],
            [
                113.348265,
                22.975456
            ],
            [
                113.344074,
                22.977003
            ],
            [
                113.330708,
                22.975834
            ],
            [
                113.327932,
                22.975248
            ],
            [
                113.323903,
                22.974387
            ],
            [
                113.319528,
                22.973389
            ],
            [
                113.316955,
                22.973687
            ],
            [
                113.316097,
                22.975759
            ],
            [
                113.313932,
                22.977668
            ],
            [
                113.308659,
                22.977748
            ]
        ],
        "lineStyle": {
            "normal": {
                "color": "rgba(90,100,147,1)"
            }
        }
    },
    {
        "coords": [
            [
                113.227763,
                23.157418
            ],
            [
                113.230444,
                23.153605
            ],
            [
                113.234037,
                23.149435
            ],
            [
                113.244584,
                23.14303
            ],
            [
                113.262914,
                23.138514
            ],
            [
                113.269359,
                23.137737
            ],
            [
                113.276797,
                23.137335
            ],
            [
                113.288524,
                23.137418
            ],
            [
                113.293689,
                23.137048
            ],
            [
                113.297009,
                23.137097
            ],
            [
                113.307537,
                23.137675
            ],
            [
                113.312199,
                23.13787
            ],
            [
                113.316426,
                23.137775
            ],
            [
                113.321685,
                23.130302
            ],
            [
                113.321541,
                23.122138
            ],
            [
                113.321797,
                23.103973
            ],
            [
                113.322067,
                23.097038
            ],
            [
                113.322417,
                23.090431
            ],
            [
                113.321537,
                23.086155
            ],
            [
                113.31943,
                23.079456
            ],
            [
                113.31599,
                23.073089
            ],
            [
                113.308839,
                23.047506
            ],
            [
                113.306153,
                23.049032
            ],
            [
                113.301702,
                23.042721
            ],
            [
                113.297593,
                23.042509
            ],
            [
                113.297256,
                23.035987
            ]
        ],
        "lineStyle": {
            "normal": {
                "color": "rgba(90,197,124,1)"
            }
        }
    },
    {
        "coords": [
            [
                113.33802,
                22.999261
            ],
            [
                113.327514,
                22.994595
            ],
            [
                113.328893,
                22.986041
            ],
            [
                113.323786,
                22.984419
            ],
            [
                113.322201,
                22.982793
            ],
            [
                113.318881,
                22.981803
            ],
            [
                113.317103,
                22.980322
            ],
            [
                113.316079,
                22.975614
            ]
        ],
        "lineStyle": {
            "normal": {
                "color": "rgba(90,137,251,1)"
            }
        }
    },
    {
        "coords": [
            [
                113.274647,
                22.99241
            ],
            [
                113.280158,
                22.961229
            ],
            [
                113.269005,
                22.955739
            ],
            [
                113.24494,
                22.959732
            ],
            [
                113.237228,
                22.959091
            ],
            [
                113.189636,
                22.973865
            ],
            [
                113.168973,
                22.952138
            ],
            [
                113.123731,
                22.969906
            ],
            [
                113.112412,
                22.962071
            ],
            [
                113.098025,
                22.962396
            ],
            [
                113.097631,
                22.952086
            ],
            [
                113.098696,
                22.939535
            ],
            [
                113.09648,
                22.927555
            ],
            [
                113.08408,
                22.875382
            ],
            [
                113.081138,
                22.875149
            ],
            [
                113.089002,
                22.867192
            ]
        ],
        "lineStyle": {
            "normal": {
                "color": "rgba(90,85,212,1)"
            }
        }
    }
]